1.247466225508781291e-09
2.303821838339757623e-08
3.782208157727343667e-08
3.479868219047088669e-08
2.682238156745499581e-07
1.844347031879870626e-08
2.138223669604298980e-08
1.876353381332386011e-08
3.491978533522762753e-08
4.712719857817429808e-10
1.595530932970200895e-07
3.807176560410435152e-07
5.650755003325681312e-06
3.473974742540975453e-07
2.077964421689832370e-06
1.666327912650359906e-07
4.518932310740452110e-07
3.110053636132313574e-07
4.761798951429179329e-08
6.763123312978508088e-07
9.870669534773794528e-08
7.551038091502963930e-07
5.743248798441752306e-08
1.486916107053619028e-07
2.236699529605670548e-08
9.012942510066517227e-10
1.936525535463700696e-09
1.946583946262628969e-09
5.642001308464592311e-10
2.206924744209993720e-09
2.733265232874027522e-09
4.829358365837331044e-08
3.556109865253502066e-09
5.190665245549217362e-09
9.320490193061389819e-09
3.869607164122394794e-09
3.000862405084679903e-08
1.536671972803510927e-08
3.636156864311735249e-09
2.148678134145812078e-09
4.802238938478814840e-08
1.318687924800507077e-09
1.295325487421339261e-08
5.940230076404519482e-09
4.541002783730957943e-09
5.980996783075646375e-10
2.914400568873130489e-08
1.344317849948926460e-08
4.343754175050608569e-10
6.551208641528981225e-10
6.662255543430490977e-09
2.293599563336434552e-07
8.111580085018265481e-09
1.054053330115239330e-08
1.222579737828448699e-08
2.551151535631111736e-08
1.634797720009578914e-09
4.228159509110662654e-09
5.991884247698783022e-09
2.987107116360617672e-08
1.010087748810027194e-08
2.084632721130199396e-09
3.932475699617222094e-10
2.745230198628736069e-09
3.016524437161051049e-08
7.173341079210213553e-09
2.825235010803219215e-09
4.769530076787197118e-10
2.551394637335677103e-09
2.715674103572358121e-08
8.139664280993876979e-09
1.247880270864926228e-08
6.852308263473192831e-09
1.832366729701743221e-08
1.023213016354094451e-08
6.001844405385580839e-09
5.381896389063989760e-09
3.010231119228714753e-09
1.008526070372527608e-07
9.916553541895181313e-09
1.523059500730432688e-07
2.705683508255017902e-08
1.079676461777461887e-07
1.526749188283050315e-08
1.688933591095381627e-08
1.094243969272155267e-06
3.025780277018453492e-08
3.337862537912231823e-06
8.740041458678324688e-08
1.296323906107345000e-06
8.819125833013276696e-08
2.129198966921325548e-08
6.620349067070893551e-08
6.346879314085418177e-08
3.966450880028764141e-06
8.729661369332362185e-09
5.357396156481945417e-08
6.239779826601717797e-08
8.389601980225006973e-10
2.521852941803335385e-07
1.150905862765741857e-08
7.605184171961308677e-09
3.638624673810692780e-09
5.564214287341570926e-08
5.933774490883932459e-09
9.696985919037650686e-09
3.520790784043169249e-10
7.619272398137623773e-09
4.871706477266461681e-09
1.096310152706018967e-09
2.034510257135405460e-08
1.848328395092577177e-08
8.511257422436249140e-06
2.787083134707837038e-06
4.723316148282224365e-07
3.476742347460345059e-09
1.918512385713530299e-08
2.776997177670251839e-08
1.017510517892057569e-09
1.601317129798968272e-09
1.521071224983819498e-09
3.326222611690217087e-10
1.171852524089132098e-09
7.066922919586854525e-10
7.531606112427056330e-09
8.908323033034907468e-08
1.750404046294133690e-07
5.577938025616558988e-09
1.628564987870634141e-09
2.204325825465306103e-08
4.005458739938784615e-09
2.854094795142332527e-09
1.614122621856672204e-08
3.556194792430922041e-09
1.895077502603891098e-08
1.230448105642156606e-08
7.580928306902709215e-08
2.749348103267152378e-07
6.594159329535454146e-10
3.437888401346010536e-09
4.787328574640053236e-08
2.551987630400219907e-08
4.278236563640440697e-08
1.686853380940538171e-08
1.695166800704464587e-08
7.536410366348937921e-10
8.978055549949560906e-08
1.052789483762345404e-09
3.607751448218609189e-09
5.659000693636355428e-09
5.077097185522815728e-09
1.066956575834646113e-08
4.004086703877376403e-10
2.017754583403527810e-09
1.162680269617315358e-09
8.056273049930526419e-09
5.401809156779150976e-09
2.890997440897888234e-09
8.970823381117430026e-09
6.163872671268951554e-09
8.142840245922494290e-10
1.358382801646362472e-08
1.092177202645571777e-08
4.385431247709098693e-09
1.142439722840843402e-08
3.196552123811588729e-09
8.509416911594940555e-09
1.771839551870128409e-09
1.479938221270305579e-08
6.999200629841184733e-09
4.897629362597502855e-09
2.394406722343934134e-08
8.795835844373101832e-09
1.094528003325633462e-08
1.292724038800119704e-08
1.422325390883013575e-09
9.970415223084574489e-10
2.416598507340957497e-09
7.551503787434294394e-08
2.403435971987120437e-09
1.868552971627175025e-09
2.007818437546949447e-08
2.955698261541956626e-09
9.172080824370592364e-09
5.230188699689959584e-08
7.839500553634192376e-08
4.245615347192041519e-08
1.161918982772829252e-08
2.321024418050663105e-08
1.717583228232546531e-08
1.389302208595125993e-08
1.671452488391030828e-07
6.513740960090857956e-09
8.972664929274462257e-09
1.902068456252896479e-10
6.293389805027590380e-09
1.088484047095457847e-08
1.575380871535898560e-09
1.314167920043520723e-09
1.705732094312920031e-08
9.722395788829256032e-10
2.045441992160598628e-08
9.864128310790984072e-09
2.997367502564912368e-08
3.447703595251197365e-09
3.959245741328184883e-09
6.414296062767428168e-09
2.156257755506086247e-08
1.395717147268847206e-08
3.034047554765832539e-08
2.677311707003620224e-09
1.582992940150482431e-08
4.467892234113469690e-09
3.093733877155676332e-09
1.956303290406486408e-09
1.884884315876841992e-08
1.644790820890435110e-09
1.947123275456003499e-08
1.843131447356893649e-08
5.062074897731635826e-09
1.193761493554968577e-09
3.010378099080155631e-09
4.149292928162787887e-09
5.333380438709734913e-08
1.380610986709607869e-08
7.216832818395074744e-09
3.290643416094102837e-09
7.585787624520862031e-09
8.255031336636727627e-10
1.194212865284019823e-08
2.720483179830033946e-08
5.334207266926021199e-08
5.845063631393701224e-09
2.007085461387733187e-09
2.562028414286449771e-09
1.765249362977793628e-08
2.402296861666059150e-08
1.785923106864821087e-08
2.607349791043541481e-09
7.763536837905467681e-09
6.435677512633569489e-09
4.565134432348728910e-09
8.442125214027291402e-09
2.378837744356105460e-09
1.394050462687720835e-10
3.365997812546624122e-09
6.715778330013785327e-09
2.397153969172703833e-09
1.451089439579372484e-08
1.741559053818723178e-08
2.251423848185057596e-08
1.268892168251649404e-08
8.015734151717898692e-10
1.075655584984180982e-07
7.633476334433825787e-09
8.974889807300138516e-10
3.298758035211708942e-09
4.184834777893952362e-09
2.610342759015055484e-08
9.649807730362506749e-09
2.428345043195411968e-09
2.277381455755360466e-09
1.847210804678832281e-09
5.975514912099166112e-08
6.802183791056830254e-09
4.569902191500489401e-08
1.344089128165736039e-08
2.443971827112172557e-08
5.072356070004781637e-09
4.219377351974130995e-09
3.377896425799399944e-09
7.590461211423342998e-09
2.363113364360866531e-08
1.845640327880149988e-09
6.488523367033180626e-10
6.801496925618087951e-10
9.416580592671627226e-10
9.528226750446452212e-09
6.672675030824288527e-09
4.307750652096070232e-09
3.407109599214135933e-09
1.863213028562854074e-07
1.646215683059511043e-08
1.583923698745394968e-08
4.033884713080820030e-08
3.585402929453682647e-07
6.011072688449391413e-09
2.019384708670563386e-09
3.079597181752636326e-09
8.206382036487903756e-10
1.857542403505149637e-09
1.161592983901974066e-09
1.718844061853246591e-09
5.052084515819724141e-09
3.153587189489558340e-08
1.213583285414653144e-08
5.949030787744834422e-09
1.332886886363956326e-08
9.518006054513478625e-09
1.925535579626697787e-07
2.075948307926376254e-09
2.142304902855807818e-08
2.755441232703296106e-08
2.063969370230680307e-08
1.068807380632828292e-07
5.371360901113822504e-09
2.779842825184370306e-08
4.400737018860436993e-08
4.682944327613327773e-08
2.640776475157245405e-07
1.050988483671883441e-07
1.191095588968873450e-07
9.087721030354560674e-08
1.564675409030567528e-08
1.230329700542822762e-07
2.213411993473096643e-07
2.350660052809014175e-07
7.266742253984557679e-08
2.038312622114529258e-07
1.495513843060541303e-08
6.826857946216603167e-09
3.493067843831930761e-08
4.012841352237776825e-08
1.010516206251880090e-08
9.367999000871147500e-08
4.226353974201934010e-08
3.675189995352951434e-07
5.620502623707604867e-07
4.712670409463548462e-08
1.689092765977818493e-09
9.863552859563159968e-10
2.662288709891474067e-09
5.670719445666767489e-10
1.372783816363365150e-08
7.561648720888585048e-10
4.807355842793638644e-09
1.254777572804769501e-09
7.766587859678422927e-09
1.347017773497920949e-09
1.113384096110493155e-09
2.419453231490357025e-09
2.111084132232735946e-09
1.042244945214938452e-09
5.300688194691670027e-10
3.825469314223783612e-09
3.566830884735473151e-08
9.056343196634877442e-09
1.579050263047357532e-09
6.694012953253459585e-09
2.939185119213487967e-09
1.156972044253310821e-08
8.620319778307804690e-10
1.574238715831415879e-09
9.265048402770692208e-10
2.248358069620891714e-09
9.027982682262836141e-10
1.296554614737173305e-08
2.338732265733926242e-09
3.024310636488579246e-09
4.545400915595884868e-09
7.649216989938849237e-10
5.169616442654758466e-10
2.976392840132731606e-09
6.745965662221909327e-08
1.776656172626412972e-08
3.446999497326149127e-08
5.464156918375818676e-09
1.399421503062537964e-08
1.781726490546171814e-08
8.483476992044898611e-09
2.051592576226551621e-09
1.351291998684786146e-09
1.232703175978225397e-08
1.468322322386115622e-08
1.523557802224705175e-08
9.298800359784726179e-10
4.554173388036327289e-08
7.162307956434471329e-09
7.794873015589744495e-09
1.744926167014067776e-08
3.498975140466808325e-09
1.158270624743867996e-08
2.890711249017121811e-08
1.977449586496871230e-08
9.158011879547410606e-09
3.246626222775674133e-09
5.731542942101934289e-09
3.331882566215268141e-09
8.026449303176050448e-09
5.658875454752134837e-09
5.478401162928210912e-09
1.047494027029075645e-08
1.475580197789151619e-09
4.198569381111190220e-09
5.228588737133187011e-09
2.643898643079405734e-09
5.522703598291413648e-09
1.328179731327883723e-08
1.840928383540984980e-07
1.487582275895350146e-08
6.702021279781813802e-08
2.294550712143627226e-08
7.694378538213549122e-08
1.060852702669863964e-08
9.590555972317595194e-08
2.020464754196744974e-05
2.094035933373686789e-06
2.471372812117537931e-09
3.050435000041132510e-10
3.377374394817941731e-06
2.475275611561261886e-09
1.234933617550758067e-08
6.065784259310996175e-08
4.757165103442556502e-08
3.791602131594269235e-09
5.028027459438911059e-08
2.247051605816500910e-08
7.686800004814955860e-07
2.810879365983290115e-06
1.208582857249193944e-07
5.757785733153236019e-08
9.656415829407594926e-06
1.623329327989352864e-08
1.379720511206824346e-07
6.309544238859011441e-08
1.192061526500382575e-08
5.746428125348953865e-06
1.314801338751376753e-07
2.626844869476557772e-08
2.590634342580440622e-08
3.441651143819360597e-09
3.894405991312869346e-09
6.638611005427249624e-08
6.410950715447958269e-10
5.657530512548174712e-08
7.179811361024291722e-07
1.170588587541782704e-09
1.674610173738843524e-06
1.460337333183868273e-07
2.791270882631052783e-07
2.506693277895863799e-07
8.256278317967730054e-09
3.159379093668017164e-04
1.297494959904358485e-08
2.641141059242964229e-08
1.431607670386507279e-08
7.062939924786592272e-08
5.903068362812044635e-07
4.868021139563085743e-04
5.682292512351319252e-09
2.272486923076691059e-09
2.517312225536969554e-06
3.641587892303493139e-08
1.635928001598887353e-07
2.646518163716762778e-08
4.856288430503184290e-08
5.879390891681520145e-08
1.655121795083943308e-07
1.312510405539103680e-07
1.311059318264635138e-08
2.924241124402753525e-08
3.473265000037483689e-07
3.974111380728681353e-07
1.094969479042303188e-06
6.099488331353318645e-08
7.519409814413511671e-10
7.227609044039744856e-09
1.590329950274427562e-08
2.883994906551360031e-08
8.032126136123996390e-07
1.873504434958865362e-06
1.506415036838369075e-06
2.499902722985285876e-08
9.242164744894790795e-07
1.021202046514686629e-08
1.989410174070879684e-07
1.511142422232920894e-07
4.573672884424601084e-08
5.753431167918040594e-08
2.140783962821788753e-08
1.875461954473020786e-09
7.242237459480659472e-09
1.177576703631697358e-09
1.091441377225713214e-06
1.257716116190551789e-09
1.213536287913189728e-09
5.199444202024725076e-07
4.738662368793847606e-08
7.750695870459385162e-07
1.668926195837807042e-08
5.600082161565338297e-08
1.186846838238346291e-08
3.289690932512888599e-08
2.986884481492070818e-08
9.967541064439890963e-01
5.681091425636402812e-08
1.219926632957885847e-07
1.951852093846587481e-06
4.352954515025167114e-08
8.573846554091073481e-07
3.645823531278773435e-08
1.537628989275878443e-07
5.747104678981929324e-07
1.170270052243120042e-07
3.101631374653333951e-07
4.440945682432476837e-06
4.880465789861839504e-06
1.068000494460240090e-06
1.550393395894268171e-08
3.229167165010000213e-09
1.681546753441785254e-09
9.036290566449526037e-10
1.415809262070113654e-05
1.435802910099111167e-06
1.381263083482822367e-06
4.158847837083168990e-06
9.169128271083171777e-08
7.305664363837301171e-06
9.575625375031542178e-08
2.037821075677853576e-08
2.851712382155490694e-08
1.549055855163427888e-07
7.083387687081371261e-08
6.521163754434071081e-07
2.423399076215860409e-07
4.898424612013964542e-09
1.580037906352958622e-08
8.353681449492981393e-09
3.088353783492868674e-07
1.939979195326673876e-09
5.981552272577775645e-08
8.248246967459303451e-09
3.756251362534654713e-07
2.280871009496553844e-09
4.346323665621072381e-08
1.512035935308782053e-07
1.401091362402243121e-08
7.416508210935832804e-10
3.477209063883363337e-06
1.294395700913676457e-07
1.071213200988423190e-08
6.135645692923166820e-08
6.437931895942822834e-07
6.693291449525558524e-08
1.561217975915526694e-09
1.143573228727158752e-06
5.600205120440108119e-08
1.383209928142863380e-10
5.171490796697020398e-09
1.125173455973835866e-08
7.402776202946981457e-08
8.567472994588715244e-09
1.221951599306064698e-07
1.889317072885579762e-08
8.290378393780351191e-09
4.979964922982084370e-10
2.827254697725209539e-08
4.909348000454794226e-06
1.211044697790346924e-06
4.337226170585197054e-08
2.681207651073750088e-09
2.776813900140250180e-09
7.701795896163588360e-06
9.011080747655797197e-06
1.735580206013407486e-08
2.265673075125358645e-09
5.680354903051407552e-07
1.205857725176690417e-07
4.265768961656190043e-08
4.047369270743992411e-10
3.572389800096181059e-07
1.324006839980393180e-08
2.247331877558934569e-06
1.487814850586922384e-10
9.150054301039276651e-08
1.064552023641064918e-09
6.954474643823400705e-09
9.572284092578200066e-06
8.008165063355449534e-08
1.154032649154115440e-07
3.153368601912991171e-07
1.862502312121368086e-08
5.564330931676137750e-09
1.037228134182044306e-07
4.554250742313001278e-08
8.590573536742781930e-07
3.066937833964609478e-09
1.398682708732773501e-06
7.936638271518835490e-09
2.545403900684050442e-07
2.512082009786089991e-10
1.192899920126053083e-07
6.183210026613334101e-09
1.140996574242163040e-07
1.812958315362847559e-07
6.898768672414459373e-10
7.145232224853231328e-06
2.035177476375703535e-08
8.606332447145797116e-09
1.786080765827144811e-08
7.212381493801603633e-05
1.950831381003726614e-07
5.434776378274094814e-08
5.756763138650156022e-10
1.654339600185200638e-06
2.502780582154793103e-08
1.322723860748062866e-05
1.642431578723471729e-08
5.155503848290357445e-08
1.842038419011633291e-09
7.823742425389863933e-09
1.293806246971766176e-06
2.971505303107917284e-09
7.036258020016500731e-08
2.710431381852487838e-08
3.802292119875674797e-09
1.658897930737357024e-07
2.573525272592097304e-08
5.311698413287176744e-07
1.222545767628729256e-03
1.322200899833536893e-08
5.222282983142440868e-09
2.969658076131982675e-08
2.249064060067506469e-07
4.061606567553362600e-08
2.385888480821939772e-09
7.903560728435634306e-08
2.657076530326704640e-09
1.214814784312278495e-07
3.086101742130901609e-08
5.581701343472313341e-08
1.390548457242446858e-07
3.849309605123450121e-07
3.977842856366487949e-07
1.956785215267719183e-08
1.559823968515961856e-07
1.030487218962456365e-08
2.724746737703954325e-07
1.907406383232794442e-09
1.839776596561430027e-09
4.727854618434321831e-08
3.329226450742850992e-08
3.404418219874439160e-08
4.314010323362303072e-06
9.024554775496721843e-07
4.938798778998816124e-08
3.029812440923774563e-08
6.542294901758691518e-09
8.044368106929895150e-07
7.711279403142382804e-08
5.161252537117669097e-07
1.972671966644902517e-08
1.576026139772170251e-07
7.735894600878161215e-07
7.038641134292076699e-09
4.333520066223159502e-08
4.088417121760590472e-09
1.545639401280890908e-06
3.474686447688642124e-08
3.618932342094371004e-07
4.767308574871545584e-09
1.702076594504831911e-09
4.204387105146622750e-09
5.742935823160719983e-07
1.072160053810423542e-07
1.859905340166770576e-08
4.195314217551121559e-07
4.345539004243454501e-07
1.301363972285303259e-06
2.393280653218560623e-09
6.275017627974155703e-08
3.017105472336838604e-09
2.601156365112963486e-09
1.268171652299467437e-08
1.240857778415562723e-07
5.125074595158155962e-10
7.156844804750231233e-09
7.368341496060106308e-06
2.810020747468278504e-09
6.245887767121720308e-06
3.865053235964192042e-07
8.022765865508035805e-09
7.609408020730933126e-07
1.335241613623045684e-06
1.383894524277174376e-05
7.013070792571866923e-10
2.302875367115720782e-08
2.395538031487319204e-07
4.702680325542059146e-09
3.812330900839583611e-08
6.197180550993139995e-09
2.077799480507246094e-08
3.919415890064549648e-09
5.278357760622897016e-08
8.974630619461722481e-09
2.960402175712752829e-06
1.338633751008565109e-06
3.704749510893557867e-09
1.890499464931840383e-07
1.407501906119193632e-06
1.825195616242137382e-06
2.179391523887271090e-07
6.783048278573778591e-08
1.432702219506521746e-07
2.155959801936436768e-08
4.271098983698524977e-09
4.632394258975494790e-08
1.929323658572794028e-09
6.884463201748559998e-06
5.196118745033768713e-08
5.482911335460047084e-06
5.003421487152312346e-07
3.535497801816907762e-09
1.553614160959663821e-09
3.207961925031054645e-06
3.187743971692686326e-07
2.601447444744130657e-06
3.215879022428372882e-10
3.087133298705135694e-08
2.485985833374242939e-07
8.533841228778159306e-08
1.564216641813467578e-07
2.150908596964750923e-08
1.080927862447321652e-06
7.336976407950037376e-08
1.365560902918016369e-06
7.132407807856253317e-08
7.601035948794743334e-08
7.629566629956454722e-08
4.015825393828022720e-07
5.892714538465117293e-08
5.591235639848667020e-07
3.174709450842484613e-09
9.774738707313941432e-06
2.913932855643663239e-10
2.529463077947990948e-08
9.734639649813815471e-08
2.471743357040104394e-07
4.851288129055861467e-07
7.623813258003991682e-08
7.162603959741147161e-07
2.394052994634550347e-08
2.692639578444516336e-09
1.439966353926794865e-07
1.724000819862600392e-06
1.697255753798687475e-07
2.035771966695976948e-09
8.729329216579939640e-07
7.570411081720254073e-08
3.234709700804858074e-07
2.586734352491851942e-08
1.617847348953131523e-09
4.700232587429934710e-09
2.592604907704541503e-05
1.585428387439892587e-07
2.070288619126505970e-07
2.671229001093028359e-07
1.812528744457207555e-08
3.727950026279920052e-07
1.236959067926504818e-08
1.772086582281357105e-07
1.743517001459024662e-08
5.297265815247927535e-08
1.427429876738384711e-06
2.631684506271232713e-07
3.536675333770721889e-07
7.435072299003600525e-09
3.115332332943622682e-06
2.169424479509922703e-08
1.177305282394673979e-06
1.634664645883847914e-08
8.187253890360514981e-07
2.963927041937467536e-07
1.449937962296572643e-06
5.004624679959023080e-08
7.289675652954955766e-09
1.107549189240843533e-07
1.978713317385392503e-06
7.413913664529434433e-06
5.575222233883656314e-09
5.316043794438211490e-07
8.837471888455549601e-10
1.676351885886098710e-08
5.848308976075942361e-06
2.153731817699067650e-06
7.345863100315869939e-09
1.254524952944207853e-06
2.411954477601118725e-07
1.281901137660433342e-07
1.074130354421768923e-07
3.819564127282743105e-09
7.504431143590354306e-09
2.713665401990226427e-07
4.711914489309914297e-09
1.220760594798308877e-06
1.242300158108571821e-08
2.013717436202671517e-08
2.916314796387473253e-09
3.676243030899737430e-08
1.249516760450829138e-07
1.948163446983550120e-09
3.024402292408028317e-09
2.088314775097575125e-09
3.241834638247095665e-10
3.486880063842580323e-06
4.310934348200313339e-09
2.236382580679879896e-07
1.274217356043628578e-07
1.455971282345421226e-06
2.464715490133402761e-08
1.377804439889965816e-09
1.802267856176177568e-07
2.372754269032264321e-06
2.815168881806260003e-07
1.222639827371232521e-09
3.273972126171231697e-08
8.091697068126278128e-06
6.116764620212367645e-10
1.477132381389015020e-04
5.770034759563396749e-08
3.774423929098809276e-09
1.662629733744708788e-09
4.221240131047923845e-09
2.218745490648154558e-08
1.782381351678706782e-08
3.155145680204558866e-09
1.157791913352444557e-07
2.280250491800580054e-06
9.382639745923631230e-07
4.060050384013394608e-09
9.919561687346968629e-09
3.032329955939232978e-08
6.512652258281242632e-06
6.185983153456554541e-08
2.536524504691491610e-08
4.527660245770345517e-06
2.740393208530068778e-08
1.333931775139826023e-08
9.830829089537967449e-09
5.802900706773416945e-08
1.501928326990383445e-07
4.894426411932855521e-09
3.955241971113756891e-09
1.074908898271169929e-06
7.124472815000269883e-07
2.235328783773909359e-06
2.155938035031362398e-04
7.324053748359234016e-09
3.007696486374282234e-09
3.096342488069824602e-06
2.572048986818238625e-07
1.587679507246091180e-07
1.738319501433025908e-08
2.593701087152824189e-07
3.265875687819611967e-08
2.088908668616658781e-04
2.819888672515650154e-09
5.115222515222677205e-08
1.050670730752097731e-07
1.360957530117774709e-07
2.750419835261373739e-08
8.351881645980151473e-08
1.621277631975747465e-05
3.951487943137352512e-06
8.328284532107688901e-10
8.950728607742011557e-09
2.727125595146656013e-09
6.602331119618744095e-10
5.590111910002866214e-07
5.058929671961976875e-08
6.531141548503937991e-07
4.760972021286957637e-09
2.211414622345142221e-06
8.481959808950038516e-08
9.230991497868989234e-10
1.465970439277299841e-07
7.010313009056053571e-07
6.126043594154967156e-08
2.720128449443877082e-09
1.650754847251787467e-06
7.014493707841042380e-07
3.226311941549687553e-08
5.890905775637088486e-08
5.230103227047114587e-06
1.270689369978154963e-06
3.834403022917636301e-08
3.199702637298422534e-09
8.458668138941055558e-08
6.035813326106720396e-09
3.345971321159572925e-07
1.240231687223632430e-09
2.032647105233706806e-08
7.443833405605867484e-05
5.872219438930557750e-08
1.605824902940178206e-07
4.372877298868706414e-07
2.083205062810375310e-05
5.408558746889661723e-08
5.551603592710290312e-07
6.602165797093464148e-07
4.083928766316963897e-07
3.469349635273082919e-07
1.231821387223817337e-05
1.574056112416524566e-07
4.454801289268493156e-07
7.988123714269779210e-06
6.254376442193039777e-09
4.118140418770251405e-07
1.970246451591698936e-07
2.031402250196032807e-07
5.270125216673590398e-07
2.767961959204740771e-08
3.441305390194777293e-08
9.048660705912983018e-09
9.382461337063151541e-09
3.484089501907268344e-09
2.384767209541119494e-09
3.481697341500697353e-09
3.833373852457001245e-08
1.533655341604113927e-07
3.464221344709523433e-07
3.781946654952580551e-08
6.133759703678887460e-09
1.730454532302837482e-08
1.689718836593118627e-08
1.687178132366134118e-09
1.716372196934057972e-09
2.793961518736922797e-09
3.182106567582581315e-09
3.401188828618377053e-08
7.514002364039963422e-09
1.464128739944522196e-09
1.252041002868138654e-08
5.472539823891155653e-10
1.540100282174752432e-09
5.573547280962767852e-09
3.887195435506458401e-10
1.928982799293464750e-08
6.392025425189802889e-09
1.323041793493895852e-08
1.897340514669622723e-09
4.445050043788788136e-09
5.110585427965915828e-08
1.246075561759565171e-08
4.475801319748506694e-08
2.799820170788732108e-09
7.204529978469897072e-09
6.825523838383430205e-07
3.191183864975646860e-08
9.454744575962370231e-09
1.034282862154114071e-07
2.189744515271433653e-08
1.157251734838994982e-07
5.057125407177268653e-08
9.848648043813783864e-07
5.874010213207348126e-09
1.258460856818131735e-08
2.319993975056830065e-07
1.961012138263689054e-08
4.408930777026622107e-09
4.649079195325710461e-08
3.356276623685728453e-08
5.297249252958027083e-10
2.012898845450032070e-08
5.678254696587788735e-09
3.370782212610338261e-08
1.061880189524213260e-07
1.205504898806848395e-08
5.420248888896924137e-07
3.731100286034765306e-09
8.803884804188215910e-09
2.222827191401683810e-07
6.036243822057161012e-08
1.389659947067613959e-08
1.396014113264287722e-08
4.682455859311811438e-08
3.915201726095896868e-09
6.897260145006678602e-09
3.700160685593946184e-08
7.435001529858038705e-10
3.608889917482836446e-09
1.394109365797129121e-08
8.154525158030488331e-08
2.336540583874838717e-08
3.947793383943086264e-09
2.848604157278425020e-08
1.077423507254191027e-09
8.690654112647297539e-09
5.877664254381948964e-06
6.769030931947475517e-09
1.109549597310160092e-07
1.334352280228940796e-08
2.542672612989882409e-08
6.198144411812238428e-09
5.221780672303590246e-08
2.594755797900686002e-07
1.962410825498243291e-08
1.668805913279587255e-08
1.198614048914944910e-08
1.104161139029057582e-06
